           1 -2.6998758E-02  5.6051939E-45
           2 -2.6998997E-02  4.9997788E-02
           3 -2.6999235E-02  4.9997695E-02
           4 -2.6998997E-02  4.9997617E-02
           5 -2.6999235E-02  4.9997550E-02
           6 -2.6999950E-02  4.9997501E-02
           7 -2.6999235E-02  4.9997479E-02
           8 -2.6998758E-02  4.9997490E-02
           9 -2.6998520E-02  4.9997885E-02
          10 -2.6999950E-02  4.9998432E-02
          11 -2.6998520E-02  4.9999062E-02
          12 -2.6999235E-02  4.9999718E-02
          13 -2.6998043E-02  2.7350858E-02
          14 -2.6998997E-02  3.7258457E-02
          15 -2.6998758E-02  2.9382590E-02
          16 -2.6998281E-02  3.0277932E-02
          17 -2.6998520E-02  3.0776037E-02
          18 -2.6998043E-02  3.1009259E-02
          19 -2.6999474E-02  3.1099714E-02
          20 -2.6999474E-02  3.1122033E-02
          21 -2.6998520E-02  3.1114634E-02
          22 -2.6998043E-02  3.1098435E-02
          23 -2.6998758E-02  3.1083159E-02
          24 -2.6998520E-02  3.1074641E-02
          25 -2.6999235E-02  3.1074295E-02
          26 -2.6998758E-02  3.1076696E-02
          27 -2.6998997E-02  3.1078808E-02
          28 -2.6998758E-02  3.1081848E-02
          29 -2.6998758E-02  3.1085415E-02
          30 -2.6998520E-02  3.1084666E-02
          31 -2.6999235E-02  3.1081671E-02
          32 -2.6998758E-02  3.1078406E-02
          33 -2.6998758E-02  3.1081140E-02
          34 -2.6998997E-02  3.1083129E-02
          35 -2.6998997E-02  3.1087412E-02
          36 -2.6999474E-02  3.1088218E-02
          37 -2.6999235E-02  3.1088710E-02
          38 -2.6998043E-02  3.1089861E-02
          39 -2.6998758E-02  3.1087793E-02
          40 -2.6998281E-02  3.1085895E-02
          41 -2.6998758E-02  3.1086385E-02
          42 -2.6998758E-02  3.1085409E-02
          43 -2.6998997E-02  3.1088272E-02
          44 -2.6998520E-02  3.1091625E-02
          45 -2.6998997E-02  3.1093415E-02
          46 -2.6998758E-02  3.1095246E-02
          47 -2.6999235E-02  3.1096995E-02
          48 -2.6997805E-02  3.1101562E-02
          49 -2.6999712E-02  3.1101704E-02
          50 -2.6998758E-02  3.1103253E-02
          51 -2.6999712E-02  3.1102847E-02
          52 -2.6998520E-02  3.1104118E-02
          53 -2.6998758E-02  3.1103533E-02
          54 -2.6998758E-02  3.1104647E-02
          55 -2.6999474E-02  3.1104896E-02
          56 -2.6999950E-02  3.1108743E-02
          57 -2.6998997E-02  3.1112483E-02
          58 -2.6999474E-02  3.1112660E-02
          59 -2.6998520E-02  3.1113386E-02
          60 -2.6998997E-02  3.1113956E-02
          61 -2.6998281E-02  3.1113615E-02
          62 -2.6998281E-02  3.1114154E-02
          63 -2.6998997E-02  3.1115554E-02
          64 -2.6998758E-02  3.1115212E-02
          65 -2.6998520E-02  3.1115692E-02
          66 -2.6998520E-02  3.1116132E-02
          67 -2.6998997E-02  3.1117707E-02
          68 -2.6998758E-02  3.1120714E-02
          69 -2.6998043E-02  3.1121584E-02
          70 -2.6998997E-02  3.1122364E-02
          71 -2.6999235E-02  3.1124478E-02
          72 -2.6998281E-02  3.1124007E-02
          73 -2.6998758E-02  3.1121168E-02
          74 -2.6997805E-02  3.1119529E-02
          75 -2.6998997E-02  3.1122543E-02
          76 -2.6998758E-02  3.1125283E-02
          77 -2.6999235E-02  3.1125737E-02
          78 -2.6998043E-02  3.1126566E-02
          79 -2.6999474E-02  3.1123795E-02
          80 -2.6999235E-02  3.1120680E-02
          81 -2.6998758E-02  3.1117612E-02
          82 -2.7000189E-02  3.1118337E-02
          83 -2.6999235E-02  3.1121802E-02
          84 -2.6998997E-02  3.1121735E-02
          85 -2.6999712E-02  3.1122031E-02
          86 -2.6998758E-02  3.1120881E-02
          87 -2.6998997E-02  3.1120349E-02
          88 -2.6998997E-02  3.1123750E-02
          89 -2.6998997E-02  3.1123552E-02
          90 -2.6998997E-02  3.1122474E-02
          91 -2.6998520E-02  3.1126194E-02
          92 -2.6998997E-02  3.1125575E-02
          93 -2.6999474E-02  3.1123698E-02
          94 -2.6998997E-02  3.1118944E-02
          95 -2.6999235E-02  3.1120867E-02
          96 -2.6998997E-02  3.1124502E-02
          97 -2.6999235E-02  3.1125993E-02
          98 -2.6998997E-02  3.1126101E-02
          99 -2.6998997E-02  3.1125214E-02
         100 -2.6998520E-02  3.1127052E-02
         101 -2.6999474E-02  3.1124586E-02
         102 -2.6999950E-02  3.1122934E-02
         103 -2.6999712E-02  3.1125810E-02
         104 -2.6999235E-02  3.1128731E-02
         105 -2.6999950E-02  3.1127054E-02
         106 -2.6999474E-02  3.1125655E-02
         107 -2.6999474E-02  3.1126104E-02
         108 -2.6999950E-02  3.1125892E-02
         109 -2.6999712E-02  3.1126071E-02
         110 -2.7000189E-02  3.1125084E-02
         111 -2.6999950E-02  3.1126484E-02
         112 -2.6999474E-02  3.1128932E-02
         113 -2.7000189E-02  3.1127427E-02
         114 -2.6999474E-02  3.1125419E-02
         115 -2.7000189E-02  3.1120636E-02
         116 -2.6999950E-02  3.1121675E-02
         117 -2.7000427E-02  3.1124394E-02
         118 -2.7000189E-02  3.1124983E-02
         119 -2.7000427E-02  3.1126339E-02
         120 -2.7000666E-02  3.1124644E-02
         121 -2.6999474E-02  3.1125084E-02
         122 -2.7000904E-02  3.1124227E-02
         123 -2.7000666E-02  3.1126846E-02
         124 -2.7001381E-02  3.1124782E-02
         125 -2.7000666E-02  3.1124063E-02
         126 -2.7000427E-02  3.1127101E-02
         127 -2.7000904E-02  3.1129191E-02
         128 -2.6999950E-02  3.1128095E-02
         129 -2.7000666E-02  3.1125903E-02
         130 -2.7000904E-02  3.1125812E-02
         131 -2.7000666E-02  3.1125298E-02
         132 -2.7001143E-02  3.1124756E-02
         133 -2.7000427E-02  3.1126706E-02
         134 -2.7000666E-02  3.1124329E-02
         135 -2.7000189E-02  3.1121582E-02
         136 -2.7000427E-02  3.1123919E-02
         137 -2.7001381E-02  3.1127971E-02
         138 -2.7001143E-02  3.1129796E-02
         139 -2.7000904E-02  3.1130224E-02
         140 -2.7000666E-02  3.1130701E-02
         141 -2.7000427E-02  3.1127896E-02
         142 -2.6999950E-02  3.1127200E-02
         143 -2.6999950E-02  3.1127028E-02
         144 -2.7001143E-02  3.1127453E-02
         145 -2.7000427E-02  3.1127043E-02
         146 -2.7001143E-02  3.1126369E-02
         147 -2.6999474E-02  3.1127654E-02
         148 -2.7001500E-02  3.1129912E-02
         149 -2.7001262E-02  3.1128112E-02
         150 -2.7000785E-02  3.1124642E-02
         151 -2.7000427E-02  3.1127868E-02
         152 -2.7000546E-02  3.1128705E-02
         153 -2.7000546E-02  3.1128060E-02
         154 -2.7000427E-02  3.1124812E-02
         155 -2.7000904E-02  3.1127539E-02
         156 -2.7000785E-02  3.1128749E-02
         157 -2.7000308E-02  3.1129913E-02
         158 -2.7000546E-02  3.1130631E-02
         159 -2.7000904E-02  3.1129649E-02
         160 -2.7001023E-02  3.1129193E-02
         161 -2.7000308E-02  3.1130280E-02
         162 -2.7000546E-02  3.1127408E-02
         163 -2.7001381E-02  3.1124085E-02
         164 -2.7000785E-02  3.1127220E-02
         165 -2.7000785E-02  3.1128120E-02
         166 -2.7000904E-02  3.1129023E-02
         167 -2.7000308E-02  3.1128440E-02
         168 -2.7000666E-02  3.1128261E-02
         169 -2.7001023E-02  3.1124853E-02
         170 -2.7000427E-02  3.1127548E-02
         171 -2.7000427E-02  3.1128407E-02
         172 -2.7001143E-02  3.1129496E-02
         173 -2.7000189E-02  3.1128753E-02
         174 -2.7000904E-02  3.1128433E-02
         175 -2.7001143E-02  3.1128313E-02
         176 -2.7000904E-02  3.1128209E-02
         177 -2.7000189E-02  3.1128131E-02
         178 -2.7000308E-02  3.1128066E-02
         179 -2.7000666E-02  3.1128012E-02
         180 -2.7000189E-02  3.1124812E-02
         181 -2.7001143E-02  3.1124499E-02
         182 -2.7001262E-02  3.1127514E-02
         183 -2.7000070E-02  3.1128522E-02
         184 -2.7000308E-02  3.1129641E-02
         185 -2.7000666E-02  3.1129003E-02
         186 -2.7000308E-02  3.1128703E-02
         187 -2.7000427E-02  3.1128634E-02
         188 -2.7000785E-02  3.1128090E-02
         189 -2.7001143E-02  3.1128414E-02
         190 -2.7000189E-02  3.1128289E-02
         191 -2.7000189E-02  3.1127956E-02
         192 -2.6999950E-02  3.1129749E-02
         193 -2.7001023E-02  3.1129882E-02
         194 -2.7000427E-02  3.1128842E-02
         195 -2.6999950E-02  3.1128192E-02
         196 -2.7000189E-02  3.1128531E-02
         197 -2.7000189E-02  3.1128448E-02
         198 -2.6999950E-02  3.1127999E-02
         199 -2.7000308E-02  3.1124784E-02
         200 -2.7000427E-02  3.1124201E-02
         201 -2.7000308E-02  3.1127360E-02
         202 -2.7000308E-02  3.1128321E-02
         203 -2.6999950E-02  3.1126415E-02
         204 -2.7000308E-02  3.1125195E-02
         205 -2.7000427E-02  3.1125179E-02
         206 -2.7000666E-02  3.1128127E-02
         207 -2.7000546E-02  3.1129047E-02
         208 -2.7000904E-02  3.1129867E-02
         209 -2.7000904E-02  3.1125963E-02
         210 -2.6999831E-02  3.1124815E-02
         211 -2.6999831E-02  3.1124879E-02
         212 -2.7000785E-02  3.1127915E-02
         213 -2.6999712E-02  3.1127930E-02
         214 -2.7000904E-02  3.1128868E-02
         215 -2.7000427E-02  3.1129155E-02
         216 -2.7000308E-02  3.1128962E-02
         217 -2.7000546E-02  3.1128895E-02
         218 -2.7000785E-02  3.1128857E-02
         219 -2.7001023E-02  3.1128921E-02
         220 -2.7000546E-02  3.1129032E-02
         221 -2.7000546E-02  3.1129103E-02
         222 -2.7000427E-02  3.1128895E-02
         223 -2.7000785E-02  3.1127548E-02
         224 -2.7000308E-02  3.1129604E-02
         225 -2.7000785E-02  3.1129945E-02
         226 -2.7000666E-02  3.1129140E-02
         227 -2.7001023E-02  3.1128166E-02
         228 -2.6999950E-02  3.1129520E-02
         229 -2.7000308E-02  3.1128522E-02
         230 -2.7000785E-02  3.1128766E-02
         231 -2.7000308E-02  3.1131286E-02
         232 -2.7000666E-02  3.1130519E-02
         233 -2.7000666E-02  3.1129211E-02
         234 -2.7000904E-02  3.1130619E-02
         235 -2.7000427E-02  3.1129483E-02
         236 -2.7000308E-02  3.1130522E-02
         237 -2.7000427E-02  3.1130783E-02
         238 -2.7000785E-02  3.1131228E-02
         239 -2.7000070E-02  3.1128380E-02
         240 -2.7000785E-02  3.1127790E-02
         241 -2.7000189E-02  3.1127822E-02
         242 -2.7000308E-02  3.1127144E-02
         243 -2.7000427E-02  3.1127639E-02
         244 -2.7000666E-02  3.1129032E-02
         245 -2.7000308E-02  3.1129025E-02
         246 -2.7000427E-02  3.1129822E-02
         247 -2.7000785E-02  3.1128749E-02
         248 -2.7000666E-02  3.1128645E-02
         249 -2.7000427E-02  3.1127676E-02
         250 -2.7000785E-02  3.1127591E-02
         251 -2.7000427E-02  3.1126563E-02
         252 -2.6999831E-02  3.1129405E-02
         253 -2.7000427E-02  3.1128429E-02
         254 -2.6999950E-02  3.1129662E-02
         255 -2.6999950E-02  3.1133022E-02
         256 -2.7000546E-02  3.1132847E-02
         257 -2.6999950E-02  3.1130973E-02
         258 -2.7000189E-02  3.1131256E-02
         259 -2.7000308E-02  3.1131580E-02
         260 -2.7000904E-02  3.1132076E-02
         261 -2.7000546E-02  3.1131949E-02
         262 -2.7000785E-02  3.1131892E-02
         263 -2.7000189E-02  3.1131733E-02
         264 -2.7000308E-02  3.1128449E-02
         265 -2.6999593E-02  3.1127511E-02
         266 -2.7000308E-02  3.1126825E-02
         267 -2.6999831E-02  3.1126024E-02
         268 -2.7000189E-02  3.1125708E-02
         269 -2.7000308E-02  3.1128541E-02
         270 -2.7000189E-02  3.1131214E-02
         271 -2.7000427E-02  3.1130768E-02
         272 -2.6999950E-02  3.1132514E-02
         273 -2.7000666E-02  3.1130398E-02
         274 -2.7000070E-02  3.1129193E-02
         275 -2.7000308E-02  3.1132793E-02
         276 -2.7000308E-02  3.1130742E-02
         277 -2.7000070E-02  3.1127842E-02
         278 -2.7000308E-02  3.1127792E-02
         279 -2.7000546E-02  3.1128148E-02
         280 -2.7000189E-02  3.1127993E-02
         281 -2.7000308E-02  3.1127820E-02
         282 -2.7000427E-02  3.1127760E-02
         283 -2.7001023E-02  3.1129550E-02
         284 -2.6999831E-02  3.1128716E-02
         285 -2.7000308E-02  3.1129032E-02
         286 -2.6999593E-02  3.1132510E-02
         287 -2.7000189E-02  3.1130390E-02
         288 -2.6999474E-02  3.1129017E-02
         289 -2.7000666E-02  3.1128578E-02
         290 -2.7000189E-02  3.1131726E-02
         291 -2.7000189E-02  3.1132445E-02
         292 -2.7000308E-02  3.1130243E-02
         293 -2.6999950E-02  3.1128902E-02
         294 -2.7001262E-02  3.1127945E-02
         295 -2.7000785E-02  3.1127054E-02
         296 -2.7000427E-02  3.1126544E-02
         297 -2.7000070E-02  3.1126328E-02
         298 -2.7000666E-02  3.1126805E-02
         299 -2.7000785E-02  3.1130172E-02
         300 -2.7000427E-02  3.1130001E-02
         301 -2.6999831E-02  3.1130165E-02
         302 -2.7000427E-02  3.1130657E-02
         303 -2.7000546E-02  3.1131070E-02
         304 -2.7001023E-02  3.1131286E-02
         305 -2.7000189E-02  3.1131268E-02
         306 -2.7000904E-02  3.1131074E-02
         307 -2.7000546E-02  3.1130761E-02
         308 -2.7000189E-02  3.1130379E-02
         309 -2.7000189E-02  3.1129960E-02
         310 -2.7000308E-02  3.1129615E-02
         311 -2.7000666E-02  3.1129751E-02
         312 -2.7000546E-02  3.1133592E-02
         313 -2.7001143E-02  3.1136360E-02
         314 -2.6999950E-02  3.1134535E-02
         315 -2.7000189E-02  3.1132065E-02
         316 -2.7000308E-02  3.1131878E-02
         317 -2.6999950E-02  3.1130880E-02
         318 -2.7000666E-02  3.1130467E-02
         319 -2.7000427E-02  3.1130947E-02
         320 -2.7000546E-02  3.1131323E-02
         321 -2.7000546E-02  3.1131711E-02
         322 -2.7000785E-02  3.1135079E-02
         323 -2.7000785E-02  3.1134954E-02
         324 -2.7001023E-02  3.1135159E-02
         325 -2.7000427E-02  3.1135269E-02
         326 -2.7000189E-02  3.1135302E-02
         327 -2.7000666E-02  3.1135283E-02
         328 -2.7000308E-02  3.1135183E-02
         329 -2.7000427E-02  3.1131104E-02
         330 -2.7000904E-02  3.1129718E-02
         331 -2.7000785E-02  3.1126987E-02
         332 -2.7000666E-02  3.1127762E-02
         333 -2.7000427E-02  3.1128008E-02
         334 -2.7000308E-02  3.1127393E-02
         335 -2.6999950E-02  3.1128585E-02
         336 -2.6999831E-02  3.1127959E-02
         337 -2.7000427E-02  3.1128068E-02
         338 -2.7000427E-02  3.1129099E-02
         339 -2.6999950E-02  3.1128369E-02
         340 -2.7000546E-02  3.1128552E-02
         341 -2.7000904E-02  3.1128732E-02
         342 -2.7000427E-02  3.1128893E-02
         343 -2.7000904E-02  3.1129017E-02
         344 -2.7000427E-02  3.1129103E-02
         345 -2.7000189E-02  3.1129152E-02
         346 -2.7000666E-02  3.1129170E-02
         347 -2.7000546E-02  3.1129282E-02
         348 -2.7000308E-02  3.1129468E-02
         349 -2.7000189E-02  3.1130252E-02
         350 -2.6999950E-02  3.1133868E-02
         351 -2.7000308E-02  3.1133790E-02
         352 -2.7000308E-02  3.1133078E-02
         353 -2.7000070E-02  3.1134011E-02
         354 -2.7000785E-02  3.1133890E-02
         355 -2.7000785E-02  3.1133661E-02
         356 -2.6999712E-02  3.1133339E-02
         357 -2.7000070E-02  3.1132940E-02
         358 -2.7000070E-02  3.1131575E-02
         359 -2.7000785E-02  3.1131055E-02
         360 -2.7000427E-02  3.1131390E-02
         361 -2.7000546E-02  3.1130793E-02
         362 -2.7000546E-02  3.1130183E-02
         363 -2.7000070E-02  3.1129565E-02
         364 -2.7000546E-02  3.1128932E-02
         365 -2.7000308E-02  3.1128263E-02
         366  0.0000000E+00  3.1127580E-02
