           1  0.5400000    
           2  0.5400000    
           3  0.5400000    
           4  0.5400000    
           5  0.5400000    
           6  0.5400000    
           7  0.5400000    
           8  0.5400000    
           9  0.5400000    
          10  0.5400000    
          11  0.5400000    
          12  0.5400000    
          13  0.5400000    
          14  0.5400000    
          15  0.5400000    
          16  0.5400000    
          17  0.5400000    
          18  0.5400000    
          19  0.5400000    
          20  0.5400000    
          21  0.5400000    
          22  0.5400000    
          23  0.5400000    
          24  0.5400000    
          25  0.5400000    
          26  0.5400000    
          27  0.5400000    
          28  0.5400000    
          29  0.5400000    
          30  0.5400000    
          31  0.5400000    
          32  0.5400000    
          33  0.5400000    
          34  0.5400000    
          35  0.5400000    
          36  0.5400000    
          37  0.5400000    
          38  0.5400000    
          39  0.5400000    
          40  0.5400000    
          41  0.5400000    
          42  0.5400000    
          43  0.5400000    
          44  0.5400000    
          45  0.5400000    
          46  0.5400000    
          47  0.5400000    
          48  0.5400000    
          49  0.5400000    
          50  0.5400000    
          51  0.5400000    
          52  0.5400000    
          53  0.5400000    
          54  0.5400000    
          55  0.5400000    
          56  0.5400000    
          57  0.5400000    
          58  0.5400000    
          59  0.5400000    
          60  0.5400000    
          61  0.5400000    
          62  0.5400000    
          63  0.5400000    
          64  0.5400000    
          65  0.5400000    
          66  0.5400000    
          67  0.5400000    
          68  0.5400000    
          69  0.5400000    
          70  0.5400000    
          71  0.5400000    
          72  0.5400000    
          73  0.5400000    
          74  0.5400000    
          75  0.5400000    
          76  0.5400000    
          77  0.5400000    
          78  0.5400000    
          79  0.5400000    
          80  0.5400000    
          81  0.5400000    
          82  0.5400000    
          83  0.5400000    
          84  0.5400000    
          85  0.5400000    
          86  0.5400000    
          87  0.5400000    
          88  0.5400000    
          89  0.5400000    
          90  0.5400000    
          91  0.5400000    
          92  0.5400000    
          93  0.5400000    
          94  0.5400000    
          95  0.5400000    
          96  0.5400000    
          97  0.5400000    
          98  0.5400000    
          99  0.5400000    
         100  0.5400000    
         101  0.0000000E+00
         102   1.574800    
         103   1.574800    
         104   1.574800    
         105   1.574800    
         106   1.574800    
         107   1.574800    
         108   1.574800    
         109   1.574800    
         110   1.574800    
         111   1.574800    
         112   1.574800    
         113   1.574800    
         114   1.574800    
         115   1.574800    
         116   1.574800    
         117   1.574800    
         118   1.574800    
         119   1.574800    
         120   1.574800    
         121   1.574800    
         122   1.574800    
         123   1.574800    
         124   1.574800    
         125   1.574800    
         126   1.574800    
         127   1.574800    
         128   1.574800    
         129   1.574800    
         130   1.574800    
         131   1.574800    
         132   1.574800    
         133   1.574800    
         134   1.574800    
         135   1.574800    
         136   1.574800    
         137   1.574800    
         138   1.574800    
         139   1.574800    
         140   1.574800    
         141   1.574800    
         142   1.574800    
         143   1.574800    
         144   1.574800    
         145   1.574800    
         146   1.574800    
         147   1.574800    
         148   1.574800    
         149   1.574800    
         150   1.574800    
         151   1.574800    
         152   1.574800    
         153   1.574800    
         154   1.574800    
         155   1.574800    
         156   1.574800    
         157   1.574800    
         158   1.574800    
         159   1.574800    
         160   1.574800    
         161   1.574800    
         162   1.574800    
         163   1.574800    
         164   1.574800    
         165   1.574800    
         166   1.574800    
         167   1.574800    
         168   1.574800    
         169   1.574800    
         170   1.574800    
         171   1.574800    
         172   1.574800    
         173   1.574800    
         174   1.574800    
         175   1.574800    
         176   1.574800    
         177   1.574800    
         178   1.574800    
         179   1.574800    
         180   1.574800    
         181   1.574800    
         182   1.574800    
         183   1.574800    
         184   1.574800    
         185   1.574800    
         186   1.574800    
         187   1.574800    
         188   1.574800    
         189   1.574800    
         190   1.574800    
         191   1.574800    
         192   1.574800    
         193   1.574800    
         194   1.574800    
         195   1.574800    
         196   1.574800    
         197   1.574800    
         198   1.574800    
         199   1.574800    
         200   1.574800    
         201   1.574800    
         202   1.574800    
         203  0.0000000E+00
         204  0.5400000    
         205  0.5400000    
         206  0.5400000    
         207  0.5400000    
         208  0.5400000    
         209  0.5400000    
         210  0.5400000    
         211  0.5400000    
         212  0.5400000    
         213  0.5400000    
         214  0.5400000    
         215  0.5400000    
         216  0.5400000    
         217  0.5400000    
         218  0.5400000    
         219  0.5400000    
         220  0.5400000    
         221  0.5400000    
         222  0.5400000    
         223  0.5400000    
         224  0.5400000    
         225  0.5400000    
         226  0.5400000    
         227  0.5400000    
         228  0.5400000    
         229  0.5400000    
         230  0.5400000    
         231  0.5400000    
         232  0.5400000    
         233  0.5400000    
         234  0.5400000    
         235  0.5400000    
         236  0.5400000    
         237  0.5400000    
         238  0.5400000    
         239  0.5400000    
         240  0.5400000    
         241  0.5400000    
         242  0.5400000    
         243  0.5400000    
         244  0.5400000    
         245  0.5400000    
         246  0.5400000    
         247  0.5400000    
         248  0.5400000    
         249  0.5400000    
         250  0.5400000    
         251  0.5400000    
         252  0.5400000    
         253  0.5400000    
         254  0.5400000    
         255  0.5400000    
         256  0.5400000    
         257  0.5400000    
         258  0.5400000    
         259  0.5400000    
         260  0.5400000    
         261  0.5400000    
         262  0.5400000    
         263  0.5400000    
         264  0.5400000    
         265  0.5400000    
         266  0.5400000    
         267  0.5400000    
         268  0.5400000    
         269  0.5400000    
         270  0.5400000    
         271  0.5400000    
         272  0.5400000    
         273  0.5400000    
         274  0.5400000    
         275  0.5400000    
         276  0.5400000    
         277  0.5400000    
         278  0.5400000    
         279  0.5400000    
         280  0.5400000    
         281  0.5400000    
         282  0.5400000    
         283  0.5400000    
         284  0.5400000    
         285  0.5400000    
         286  0.5400000    
         287  0.5400000    
         288  0.5400000    
         289  0.5400000    
         290  0.5400000    
         291  0.5400000    
         292  0.5400000    
         293  0.5400000    
         294  0.5400000    
         295  0.5400000    
         296  0.5400000    
         297  0.5400000    
         298  0.5400000    
         299  0.5400000    
         300  0.5400000    
         301  0.5400000    
         302  0.5400000    
         303  0.5400000    
         304  0.5400000    
         305  0.0000000E+00
