           1   1.500275      4.7645140E-02  2.5108799E-02  2.5101664E-02
           2   1.700210      4.7626238E-02  7.4472979E-02  7.4408785E-02
           3   1.900016      4.7571775E-02  0.1225359      0.1223630    
           4   2.099698      4.7486462E-02  0.1687700      0.1684486    
           5   2.299261      4.7379751E-02  0.2111193      0.2106185    
           6   2.498714      4.7258716E-02  0.2504314      0.2497442    
           7   2.698067      4.7132146E-02  0.2853730      0.2844989    
           8   2.897330      4.7001082E-02  0.3159102      0.3148490    
           9   3.096516      4.6841584E-02  0.3554103      0.3541092    
          10   3.295600      4.6526447E-02  0.4142158      0.4125171    
          11   3.494536      4.6041977E-02  0.4952919      0.4929624    
          12   3.693267      4.5338079E-02  0.6063551      0.6030190    
          13   3.891719      4.4367172E-02  0.7559868      0.7510697    
          14   4.089798      4.3081198E-02  0.9517859      0.9444470    
          15   4.287397      4.1439671E-02   1.201599       1.190669    
          16   4.484390      3.9433103E-02   1.507755       1.491771    
          17   4.680655      3.7079029E-02   1.868721       1.846070    
          18   4.876081      3.4450050E-02   2.275314       2.244450    
          19   5.070582      3.1660315E-02   2.710535       2.670413    
          20   5.264120      2.8851300E-02   3.153298       3.103557    
          21   5.456704      2.6169470E-02   3.580154       3.521086    
          22   5.648392      2.3731358E-02   3.972167       3.904872    
          23   5.839275      2.1620601E-02   4.314537       4.240326    
          24   6.029471      1.9865837E-02   4.600891       4.521189    
          25   6.219102      1.8458804E-02   4.832051       4.748159    
          26   6.408284      1.7369710E-02   5.011779       4.924723    
          27   6.597119      1.6549330E-02   5.147543       5.058187    
          28   6.785696      1.5947336E-02   5.247437       5.156365    
          29   6.974083      1.5516355E-02   5.319230       5.226873    
          30   7.162335      1.5212709E-02   5.369952       5.276670    
          31   7.350492      1.5004810E-02   5.404271       5.310214    
          32   7.538584      1.4861709E-02   5.428199       5.333551    
          33   7.726632      1.4768773E-02   5.443492       5.348339    
          34   7.914650      1.4707320E-02   5.453433       5.357832    
          35   8.102651      1.4665390E-02   5.460329       5.364274    
          36   8.290638      1.4642090E-02   5.464413       5.368045    
          37   8.478618      1.4627392E-02   5.466959       5.370267    
          38   8.666593      1.4618373E-02   5.468496       5.371342    
          39   8.854565      1.4613699E-02   5.469006       5.371480    
          40   9.042536      1.4614495E-02   5.469515       5.371643    
          41   9.230506      1.4615071E-02   5.469006       5.370779    
          42   9.418477      1.4614112E-02   5.469515       5.370895    
          43   9.606447      1.4613486E-02   5.469006       5.369969    
          44   9.794418      1.4612518E-02   5.469006       5.369537    
          45   9.982389      1.4614184E-02   5.469515       5.369656    
          46   10.17036      1.4613982E-02   5.469006       5.368693    
          47   10.35833      1.4612222E-02   5.469515       5.368773    
          48   10.54630      1.4614856E-02   5.469006       5.367771    
          49   10.73427      1.4611159E-02   5.469515       5.367858    
          50   10.92224      1.4614986E-02   5.469006       5.366837    
          51   11.11021      1.4613444E-02   5.469006       5.366357    
          52   11.29818      1.4611413E-02   5.469515       5.366289    
          53   11.48615      1.4614966E-02   5.469006       5.365273    
          54   11.67413      1.4613220E-02   5.469515       5.365262    
          55   11.86210      1.4611783E-02   5.469006       5.364089    
          56   12.05007      1.4612460E-02   5.469006       5.363569    
          57   12.23804      1.4612594E-02   5.469006       5.362901    
          58   12.42601      1.4611949E-02   5.469515       5.362773    
          59   12.61398      1.4610359E-02   5.469515       5.362144    
          60   12.80195      1.4614823E-02   5.469515       5.361432    
          61   12.98992      1.4613113E-02   5.469006       5.360171    
          62   13.17789      1.4610024E-02   5.469515       5.359968    
          63   13.36586      1.4604701E-02   5.470534       5.360176    
          64   13.55383      1.4603198E-02   5.470534       5.359407    
          65   13.74180      1.4602441E-02   5.470534       5.358484    
          66   13.92977      1.4602292E-02   5.470534       5.357678    
          67   14.11773      1.4601546E-02   5.471044       5.357209    
          68   14.30570      1.4603042E-02   5.470534       5.355779    
          69   14.49367      1.4601695E-02   5.470534       5.354744    
          70   14.68164      1.4600577E-02   5.471044       5.354151    
          71   14.86961      1.4602581E-02   5.470534       5.352568    
          72   15.05757      1.4599210E-02   5.470534       5.351332    
          73   15.24554      1.4593686E-02   5.471554       5.351110    
          74   15.43351      1.4591335E-02   5.471554       5.349799    
          75   15.62147      1.4591393E-02   5.471554       5.348401    
          76   15.80944      1.4593824E-02   5.471044       5.346420    
          77   15.99741      1.4590276E-02   5.474109       5.347873    
          78   16.18537      1.4596021E-02   5.472072       5.344196    
          79   16.37333      1.4595658E-02   5.472072       5.342229    
          80   16.56130      1.4595969E-02   5.472072       5.340290    
          81   16.74927      1.4593502E-02   5.473090       5.339245    
          82   16.93723      1.4597541E-02   5.471044       5.334966    
          83   17.12520      1.4595859E-02   5.472072       5.333470    
          84   17.31316      1.4595292E-02   5.472072       5.330708    
          85   17.50113      1.4597395E-02   5.472072       5.327743    
          86   17.68909      1.4595831E-02   5.471044       5.323658    
          87   17.87706      1.4591591E-02   5.471044       5.319783    
          88   18.06503      1.4595234E-02   5.473090       5.317922    
          89   18.25299      1.4595838E-02   5.471044       5.311248    
          90   18.44096      1.4592409E-02   5.471044       5.306077    
          91   18.62893      1.4594248E-02   5.471044       5.299840    
          92   18.81689      1.4588721E-02   5.472072       5.293776    
          93   19.00486      1.4597205E-02   5.471044       5.284043    
          94   19.19283      1.4592565E-02   5.472072       5.274867    
          95   19.38079      1.4596745E-02   5.472072       5.261580    
          96   19.56876      1.4589795E-02   5.472072       5.243922    
          97   19.75672      1.4594565E-02   5.473090       5.220155    
          98   19.94468      1.4597795E-02   5.472072       5.180496    
          99   20.13265      1.4594116E-02   5.472072       5.106909    
         100   20.32062      1.4595554E-02   5.473090       4.805407    
         101   20.50858      3.1127580E-02  0.0000000E+00  0.0000000E+00
         102   20.50940      8.9206658E-03   5.424551       5.297013    
         103   20.70342      1.4584971E-02   5.426438       5.346277    
         104   20.89743      1.4567106E-02   5.433939       5.367532    
         105   21.09144      1.4555840E-02   5.439575       5.380566    
         106   21.28544      1.4536781E-02   5.445212       5.390997    
         107   21.47943      1.4505386E-02   5.458377       5.407467    
         108   21.67341      1.4476109E-02   5.471544       5.423228    
         109   21.86738      1.4434508E-02   5.486603       5.440338    
         110   22.06133      1.4381902E-02   5.507310       5.462526    
         111   22.25527      1.4320225E-02   5.533694       5.490178    
         112   22.44917      1.4253751E-02   5.561959       5.519526    
         113   22.64305      1.4166333E-02   5.595937       5.554491    
         114   22.83689      1.4067340E-02   5.633723       5.593030    
         115   23.03069      1.3942099E-02   5.684776       5.644595    
         116   23.22445      1.3807232E-02   5.737818       5.698161    
         117   23.41814      1.3635914E-02   5.806127       5.766867    
         118   23.61177      1.3437611E-02   5.886000       5.846998    
         119   23.80532      1.3195351E-02   5.983224       5.944323    
         120   23.99878      1.2903977E-02   6.101780       6.062793    
         121   24.19211      1.2545984E-02   6.247658       6.208536    
         122   24.38530      1.2120836E-02   6.415383       6.375816    
         123   24.57833      1.1605204E-02   6.624716       6.584459    
         124   24.77114      1.1009840E-02   6.868515       6.827498    
         125   24.96372      1.0324221E-02   7.147519       7.105210    
         126   25.15603      9.5485533E-03   7.460491       7.416766    
         127   25.34804      8.6945314E-03   7.812305       7.766879    
         128   25.53971      7.7946717E-03   8.179711       8.132287    
         129   25.73103      6.8536834E-03   8.565111       8.515685    
         130   25.92200      5.9187291E-03   8.948345       8.896969    
         131   26.11261      5.0025322E-03   9.327124       9.273614    
         132   26.30287      4.1494099E-03   9.680157       9.624984    
         133   26.49281      3.3717626E-03   10.00239       9.945527    
         134   26.68246      2.6759885E-03   10.29299       10.23479    
         135   26.87185      2.0883803E-03   10.53829       10.47896    
         136   27.06103      1.5913520E-03   10.74388       10.68349    
         137   27.25002      1.1852670E-03   10.91348       10.85232    
         138   27.43887      8.7005150E-04   11.04665       10.98476    
         139   27.62759      6.2010833E-04   11.14955       11.08677    
         140   27.81623      4.3038905E-04   11.22853       11.16476    
         141   28.00480      2.9707854E-04   11.28131       11.21658    
         142   28.19333      1.9297031E-04   11.32530       11.25948    
         143   28.38181      1.2570903E-04   11.35395       11.28624    
         144   28.57027      7.5959586E-05   11.37378       11.30405    
         145   28.75872      4.9003487E-05   11.38482       11.31238    
         146   28.94715      2.8689250E-05   11.39583       11.31994    
         147   29.13558      2.4760418E-05   11.39804       11.31863    
         148   29.32400      1.4067983E-05   11.39804       11.31556    
         149   29.51242      9.9339568E-06   11.40245       11.31802    
         150   29.70084      1.2209887E-05   11.40026       11.31562    
         151   29.88927      1.3655155E-06   11.39804       11.31494    
         152   30.07769     -5.8071564E-06   11.39804       11.31783    
         153   30.26611     -8.2540892E-06   11.39583       11.31910    
         154   30.45454     -1.6674523E-05   11.38700       11.31364    
         155   30.64297     -3.3186203E-05   11.37820       11.30782    
         156   30.83141     -5.7264013E-05   11.36056       11.29264    
         157   31.01987     -1.0171750E-04   11.33852       11.27262    
         158   31.20834     -1.5720238E-04   11.30551       11.24090    
         159   31.39684     -2.3510984E-04   11.25051       11.18711    
         160   31.58539     -3.6201978E-04   11.18684       11.12433    
         161   31.77400     -5.1927101E-04   11.09258       11.03083    
         162   31.96269     -7.4280315E-04   10.97236       10.91154    
         163   32.15148     -1.0322704E-03   10.81556       10.75535    
         164   32.34041     -1.4074448E-03   10.62038       10.56110    
         165   32.52951     -1.8758546E-03   10.38320       10.32505    
         166   32.71883     -2.4492370E-03   10.10471       10.04786    
         167   32.90839     -3.1195506E-03   9.785853       9.730582    
         168   33.09823     -3.8897647E-03   9.431862       9.378622    
         169   33.28840     -4.7491887E-03   9.047874       8.996579    
         170   33.47892     -5.6740437E-03   8.655415       8.606212    
         171   33.66980     -6.6296533E-03   8.254832       8.208253    
         172   33.86105     -7.6005501E-03   7.874636       7.829869    
         173   34.05266     -8.5360678E-03   7.506266       7.463290    
         174   34.24463     -9.4313445E-03   7.181063       7.139929    
         175   34.43690     -1.0234180E-02   6.882229       6.842511    
         176   34.62947     -1.0966166E-02   6.628594       6.589919    
         177   34.82228     -1.1598613E-02   6.415383       6.377366    
         178   35.01530     -1.2125344E-02   6.226512       6.189204    
         179   35.20852     -1.2579253E-02   6.076894       6.039822    
         180   35.40187     -1.2948309E-02   5.950797       5.914148    
         181   35.59536     -1.3270481E-02   5.863157       5.826573    
         182   35.78893     -1.3495920E-02   5.768178       5.731367    
         183   35.98260     -1.3719632E-02   5.707499       5.670666    
         184   36.17633     -1.3878439E-02   5.643167       5.606034    
         185   36.37012     -1.4029539E-02   5.605376       5.567895    
         186   36.56396     -1.4135946E-02   5.563850       5.526040    
         187   36.75783     -1.4235854E-02   5.529914       5.491724    
         188   36.95174     -1.4321974E-02   5.507310       5.468552    
         189   37.14567     -1.4381997E-02   5.480961       5.441307    
         190   37.33963     -1.4439308E-02   5.462151       5.422097    
         191   37.53361     -1.4488626E-02   5.447100       5.406076    
         192   37.72760     -1.4522491E-02   5.432074       5.389860    
         193   37.92161     -1.4561383E-02   5.428301       5.385055    
         194   38.11562     -1.4574450E-02   5.428301       5.383718    
         195   38.30963     -1.4573859E-02   5.432074       5.385777    
         196   38.50364     -1.4570601E-02   5.432074       5.383607    
         197   38.69765     -1.4570387E-02   5.428301       5.377029    
         198   38.89166     -1.4571570E-02   5.428301       5.373627    
         199   39.08567     -1.4572901E-02   5.432074       5.372494    
         200   39.27968     -1.4574401E-02   5.428301       5.360662    
         201   39.47369     -1.4576716E-02   5.432074       5.349326    
         202   39.66770     -1.4580010E-02   5.428301       5.291547    
         203   39.86171     -8.9054722E-03  0.0000000E+00  0.0000000E+00
         204   39.76163     -3.1128187E-02   5.476156       4.742693    
         205   39.94959     -1.4580743E-02   5.474109       5.086989    
         206   40.13755     -1.4581486E-02   5.474109       5.173234    
         207   40.32552     -1.4578152E-02   5.472072       5.213452    
         208   40.51348     -1.4585250E-02   5.476156       5.244130    
         209   40.70144     -1.4576479E-02   5.474109       5.260403    
         210   40.88940     -1.4575094E-02   5.474109       5.274270    
         211   41.07736     -1.4575219E-02   5.472072       5.283595    
         212   41.26533     -1.4588946E-02   5.478195       5.298078    
         213   41.45328     -1.4582470E-02   5.474109       5.301488    
         214   41.64124     -1.4583076E-02   5.476156       5.309892    
         215   41.82920     -1.4584746E-02   5.474109       5.313079    
         216   42.01716     -1.4588125E-02   5.474109       5.317776    
         217   42.20512     -1.4583100E-02   5.474109       5.321970    
         218   42.39309     -1.4582659E-02   5.472072       5.323621    
         219   42.58105     -1.4586066E-02   5.474109       5.329309    
         220   42.76901     -1.4587002E-02   5.476156       5.334181    
         221   42.95697     -1.4581813E-02   5.474109       5.334861    
         222   43.14493     -1.4584547E-02   5.472072       5.335675    
         223   43.33290     -1.4587238E-02   5.474109       5.339756    
         224   43.52086     -1.4585324E-02   5.474109       5.341824    
         225   43.70882     -1.4589475E-02   5.472072       5.342132    
         226   43.89679     -1.4609098E-02   5.467979       5.339599    
         227   44.08476     -1.4622099E-02   5.467979       5.341366    
         228   44.27273     -1.4633639E-02   5.470025       5.345310    
         229   44.46070     -1.4618727E-02   5.470025       5.346419    
         230   44.64867     -1.4620062E-02   5.467979       5.345999    
         231   44.83664     -1.4624987E-02   5.470025       5.349358    
         232   45.02461     -1.4631431E-02   5.470025       5.350452    
         233   45.21258     -1.4624040E-02   5.470025       5.352012    
         234   45.40055     -1.4623089E-02   5.467979       5.350507    
         235   45.58852     -1.4623909E-02   5.467979       5.352155    
         236   45.77650     -1.4631220E-02   5.470025       5.355043    
         237   45.96447     -1.4628799E-02   5.470025       5.355896    
         238   46.15244     -1.4630645E-02   5.470025       5.356997    
         239   46.34040     -1.4629594E-02   5.470025       5.357792    
         240   46.52837     -1.4624565E-02   5.467979       5.356658    
         241   46.71635     -1.4623492E-02   5.467979       5.357491    
         242   46.90432     -1.4627630E-02   5.467979       5.358230    
         243   47.09229     -1.4627290E-02   5.470025       5.361201    
         244   47.28026     -1.4625371E-02   5.467979       5.359547    
         245   47.46824     -1.4631882E-02   5.470025       5.362629    
         246   47.65620     -1.4617281E-02   5.467979       5.360935    
         247   47.84418     -1.4632241E-02   5.470025       5.363936    
         248   48.03215     -1.4617647E-02   5.467979       5.362387    
         249   48.22012     -1.4620894E-02   5.467979       5.362854    
         250   48.40809     -1.4630743E-02   5.470025       5.365728    
         251   48.59606     -1.4628644E-02   5.467979       5.364038    
         252   48.78403     -1.4621951E-02   5.470025       5.366706    
         253   48.97200     -1.4629549E-02   5.470025       5.367268    
         254   49.15997     -1.4629327E-02   5.467979       5.365614    
         255   49.34795     -1.4624143E-02   5.467979       5.366247    
         256   49.53592     -1.4624285E-02   5.467979       5.366476    
         257   49.72389     -1.4626359E-02   5.467979       5.367225    
         258   49.91187     -1.4624586E-02   5.467979       5.367674    
         259   50.09984     -1.4625577E-02   5.467979       5.367892    
         260   50.28781     -1.4626423E-02   5.467979       5.368506    
         261   50.47578     -1.4625952E-02   5.467979       5.368761    
         262   50.66376     -1.4625747E-02   5.467979       5.369148    
         263   50.85173     -1.4625961E-02   5.467979       5.369674    
         264   51.03970     -1.4626282E-02   5.467979       5.370034    
         265   51.22768     -1.4626544E-02   5.467979       5.370522    
         266   51.41565     -1.4626699E-02   5.467979       5.370595    
         267   51.60362     -1.4626726E-02   5.467979       5.371139    
         268   51.79160     -1.4625858E-02   5.467979       5.371611    
         269   51.97957     -1.4618978E-02   5.467979       5.371784    
         270   52.16754     -1.4609955E-02   5.467979       5.372105    
         271   52.35551     -1.4609089E-02   5.465941       5.370391    
         272   52.54349     -1.4602683E-02   5.463895       5.368826    
         273   52.73147     -1.4613244E-02   5.463895       5.369021    
         274   52.91945     -1.4621529E-02   5.463895       5.369348    
         275   53.10743     -1.4625094E-02   5.457774       5.363496    
         276   53.29543     -1.4656543E-02   5.449609       5.355674    
         277   53.48343     -1.4701605E-02   5.435331       5.342216    
         278   53.67147     -1.4779896E-02   5.416991       5.324052    
         279   53.85954     -1.4890356E-02   5.386465       5.294327    
         280   54.04766     -1.5070834E-02   5.349904       5.258554    
         281   54.23586     -1.5303883E-02   5.289119       5.198747    
         282   54.42416     -1.5660448E-02   5.210392       5.121300    
         283   54.61262     -1.6134793E-02   5.097923       5.010694    
         284   54.80129     -1.6805360E-02   4.950352       4.865701    
         285   54.99025     -1.7701829E-02   4.758682       4.677295    
         286   55.17957     -1.8860877E-02   4.512689       4.435821    
         287   55.36937     -2.0350186E-02   4.216517       4.145335    
         288   55.55976     -2.2159750E-02   3.861528       3.797627    
         289   55.75087     -2.4324492E-02   3.467866       3.412071    
         290   55.94279     -2.6759766E-02   3.040222       2.993776    
         291   56.13562     -2.9396357E-02   2.600641       2.563459    
         292   56.32940     -3.2125607E-02   2.170845       2.142811    
         293   56.52414     -3.4792934E-02   1.772033       1.751673    
         294   56.71978     -3.7247010E-02   1.415284       1.401299    
         295   56.91627     -3.9402604E-02   1.109184       1.099928    
         296   57.11348     -4.1182935E-02  0.8540949      0.8481971    
         297   57.31132     -4.2583168E-02  0.6430184      0.6393974    
         298   57.50968     -4.3658409E-02  0.4787329      0.4765705    
         299   57.70845     -4.4375628E-02  0.3507254      0.3495702    
         300   57.90755     -4.4761661E-02  0.2655173      0.2647687    
         301   58.10686     -4.4958573E-02  0.2030463      0.2026404    
         302   58.30634     -4.5056775E-02  0.1378981      0.1376802    
         303   58.50598     -4.5088433E-02  8.4818423E-02  8.4748663E-02
         304   58.70576     -4.5081139E-02  2.9001314E-02  2.8993567E-02
         305   58.90569     -4.5087263E-02  0.0000000E+00  0.0000000E+00
